00
00
00
00
00
00
00
00
00
00
00
00
00
00
00
00
00
00
00
00
00
00
00
00
00
00
00
00
00
00
00
00
00
00
00
00
00
00
00
00
00
00
00
00
00
00
00
00
00
00
00
00
00
00
00
00
00
00
00
00
00
00
00
00
00
00
00
00
00
00
00
00
00
00
00
00
00
00
00
00
00
00
00
00
00
00
00
00
00
00
00
00
00
00
00
00
00
00
00
00
00
00
00
00
00
00
00
00
00
00
00
00
00
00
00
00
00
00
00
00
00
00
00
00
00
00
00
00
00
00
00
00
00
00
00
00
00
00
00
00
00
00
00
00
00
00
00
00
00
00
00
00
00
00
00
00
00
00
00
00
00
00
00
00
00
00
00
00
00
00
00
00
00
00
00
00
00
00
00
00
00
00
00
00
00
00
00
00
00
00
00
00
00
00
00
00
00
00
00
00
00
00
00
00
00
00
00
00
00
00
00
00
00
00
00
00
00
00
00
00
00
00
00
00
00
00
00
00
00
00
00
00
00
00
00
00
00
00
00
00
00
00
00
00
00
00
00
00
00
00
00
00
00
00
00
00
ff
92
91
91
91
91
95
ba
ba
95
91
91
91
91
92
ff
ff
04
04
28
2c
70
50
94
98
50
04
28
28
04
04
ff
ff
28
50
98
94
98
94
74
94
98
74
94
b8
50
24
ff
ff
4c
94
94
74
74
74
70
88
74
74
74
94
74
28
ff
ff
28
74
70
70
50
50
50
6c
50
50
6c
84
74
50
ff
ff
28
50
8c
6c
50
4c
4c
4c
4c
50
50
70
74
4c
ff
ff
28
74
70
50
4c
4c
48
2c
4c
50
50
50
50
28
ff
ff
4c
50
4c
50
4c
28
28
28
4c
4c
4c
4c
50
4c
ff
ff
28
4c
4c
28
64
48
24
28
28
48
64
4c
50
4c
ff
ff
24
04
4c
4c
48
28
44
24
28
48
48
4c
28
24
ff
ff
24
04
04
28
28
44
64
44
28
28
28
28
04
24
ff
ff
48
28
48
28
28
44
88
64
24
28
28
28
28
48
ff
ff
6d
6d
6d
6d
6d
44
84
64
49
6d
6d
6d
6d
b6
ff
ff
00
00
00
00
00
64
64
44
20
00
00
00
00
6d
ff
ff
00
00
00
00
00
00
00
00
00
00
00
00
00
6d
ff
ff
92
6d
6d
6d
6d
6d
6d
6d
6d
6d
6d
6d
6d
b6
ff
00
00
00
00
00
00
00
00
00
00
00
00
00
00
00
00
00
00
00
00
00
00
00
00
00
00
00
00
00
00
00
00
00
00
00
00
00
00
00
00
00
00
00
00
00
00
00
00
00
00
00
00
00
00
00
00
00
00
00
00
00
00
00
00
00
00
00
00
00
00
00
00
00
00
00
00
00
00
00
00
00
00
00
00
00
25
65
8e
8a
20
00
00
00
00
00
00
00
00
00
00
00
ae
d3
af
d3
af
21
00
00
00
00
00
00
00
00
00
00
45
cf
af
af
d3
6a
00
00
00
00
00
00
00
00
00
00
af
d3
cf
cf
cf
8a
00
00
00
00
00
00
00
00
00
21
af
af
cf
cf
af
af
25
00
00
00
00
00
00
00
00
00
00
20
45
45
20
00
00
00
00
00
00
00
00
00
00
00
00
00
00
00
00
00
00
00
00
00
00
00
00
00
00
00
00
00
00
00
00
00
00
00
00
00
00
00
00
00
00
00
00
00
00
00
00
00
00
00
00
00
00
00
00
00
00
00
00
00
00
00
00
00
00
00
00
00
00
00
00
00
00
00
00
00
00
00
00
00
00
00
00
00
00
00
00
00
00
00
00
00
00
00
00
00
00
00
00
00
00
00
00
00
00
00
00
00
00
00
00
00
00
00
00
00
00
00
00
00
00
00
00
00
00
00
00
00
00
00
00
00
00
00
00
00
00
00
00
00
00
00
00
00
00
00
00
00
00
00
00
00
00
00
00
68
00
00
00
6c
00
00
00
00
00
00
00
00
48
00
00
b0
b0
6c
b0
6c
00
00
00
00
00
00
00
44
fd
b0
00
48
fd
d5
b0
00
00
00
00
00
00
00
00
24
b5
fd
68
6c
d4
d5
cc
00
00
00
00
00
00
00
00
00
00
8c
44
44
fd
f8
f8
24
00
00
00
00
00
00
00
00
00
44
68
b0
f9
d0
d4
44
00
00
00
00
00
00
00
00
00
00
44
fd
f8
f4
f4
44
00
00
00
00
00
00
00
00
00
00
00
d4
8c
68
b0
00
00
00
00
00
00
00
00
00
00
00
00
24
00
00
00
00
00
00
00
00
00
00
00
00
00
00
00
00
00
00
00
00
00
00
00
00
00
00
00
00
00
00
00
00
00
00
00
00
00
00
00
00
00
00
00
00
00
00
00
00
00
00
00
00
00
00
00
00
00
00
00
00
00
00
00
00
00
00
00
00
00
00
00
00
00
00
00
00
00
00
00
00
00
00
00
00
00
00
00
00
00
00
00
00
00
00
00
00
00
44
00
00
00
20
20
00
00
00
00
00
00
00
00
00
20
ac
68
20
ac
d4
20
00
00
00
48
48
00
00
00
20
ac
f4
d0
88
8c
48
00
00
00
00
24
b0
00
00
00
88
f0
a8
f4
d0
20
00
00
00
00
00
00
d4
d0
20
00
64
f5
f5
f4
f0
8c
00
00
00
00
00
00
88
fc
8c
00
48
ff
ff
f4
f0
20
00
00
00
00
00
00
00
d0
ac
20
d5
ff
ff
f9
f0
44
00
00
00
00
00
00
00
20
00
44
f5
ff
ff
f4
f4
64
00
00
00
00
00
00
00
00
00
00
64
cd
ad
ac
f0
24
00
00
00
00
00
00
00
00
00
00
00
88
20
00
88
20
00
00
00
00
00
00
00
00
00
00
44
88
00
00
8c
44
00
00
00
00
00
00
00
00
00
00
00
00
00
00
24
00
00
00
00
00
00
00
00
00
00
00
00
00
00
00
00
00
00
00
00
00
00
00
00
00
00
00
00
00
00
00
00
00
00
00
00
00
00
00
00
00
00
00
00
00
00
00
00
00
00
00
00
00
00
00
00
00
00
00
00
00
00
00
00
00
00
00
00
00
00
00
00
00
00
00
00
00
00
00
00
00
00
00
00
00
00
00
00
00
00
00
00
00
00
00
00
00
00
00
00
00
00
00
00
00
00
00
00
44
f1
a8
00
00
00
00
00
00
00
00
00
00
00
00
00
cc
f5
ac
00
00
00
00
00
00
00
00
00
00
00
44
24
ac
ec
84
44
20
00
00
00
00
00
00
00
00
44
f0
20
20
a8
cd
88
00
00
00
00
00
00
00
00
00
68
cc
00
00
ac
d1
6c
00
00
00
00
00
00
00
00
00
40
64
68
cc
f1
fe
d1
00
00
00
00
00
00
00
00
00
00
a8
cc
c8
f1
f5
64
00
00
00
00
00
00
00
00
00
00
00
44
44
24
a8
44
00
00
00
00
00
00
00
00
00
00
00
00
00
00
00
00
00
00
00
00
00
00
00
00
00
00
00
00
00
00
00
00
00
00
00
00
00
00
00
00
00
00
00
00
00
00
00
00
00
00
00
00
00
00
00
00
00
00
00
00
00
00
00
00
00
00
00
00
00
00
00
00
00
00
00
00
00
00
00
00
00
00
00
00
00
00
00
00
00
00
00
00
00
00
00
00
00
00
00
00
00
00
00
00
00
00
00
00
00
00
00
00
00
00
00
00
00
00
00
00
00
60
64
20
00
00
00
20
00
00
00
00
00
00
00
00
64
ec
e8
64
00
00
00
20
c4
40
00
00
00
00
00
00
b0
f4
c8
49
89
40
00
60
c9
e9
40
00
00
00
00
00
68
c8
40
24
ed
e8
20
a4
c9
e9
64
00
00
00
00
00
20
84
00
00
00
40
e5
a1
a1
a4
40
00
00
00
00
00
00
c8
00
00
84
e9
f1
a8
00
00
00
00
00
00
00
00
00
a4
a4
c8
ed
f5
fd
a9
20
00
00
00
00
00
00
00
00
00
c8
e9
f1
fd
d5
84
80
00
00
00
00
00
00
00
00
00
c5
a4
44
88
c5
84
e9
20
00
00
00
00
00
00
00
44
ad
24
00
40
85
29
b2
24
00
00
00
00
00
00
00
00
00
00
00
00
00
00
00
00
00
00
00
00
00
00
00
00
00
00
00
00
00
00
00
00
00
00
00
00
00
00
00
00
00
00
00
00
00
00
00
00
00
00
00
00
00
00
00
00
84
40
00
00
00
00
00
00
00
00
00
00
00
00
00
24
64
f0
60
20
44
20
20
00
00
00
00
00
00
44
a8
88
68
f8
ec
20
ac
88
69
88
44
00
00
00
64
29
49
64
20
f4
68
00
44
09
0e
2e
8d
00
00
20
49
05
05
68
00
40
64
00
64
09
2e
0e
4d
44
00
44
29
44
68
48
20
00
64
88
29
05
0e
2e
09
68
00
24
68
ec
88
20
ac
64
40
49
09
24
09
04
04
25
00
20
cc
f1
ec
a8
a8
f0
cc
28
04
20
a8
64
00
24
00
00
a8
cc
a8
88
84
c8
f0
f0
a8
44
64
e9
20
20
00
44
cc
44
84
64
f1
f5
f0
ec
a8
84
20
c9
a8
00
00
00
00
a8
44
48
fe
fe
f9
f0
a8
a8
88
ec
c8
00
00
00
00
20
20
d1
fe
f9
fe
f5
ec
a8
88
ed
88
00
00
00
00
00
88
f0
d5
f9
f9
d1
ec
f0
a8
ad
20
00
00
00
00
00
84
e8
88
8c
f5
ad
c8
ec
84
00
00
00
00
00
00
00
00
cd
84
00
20
44
20
c9
c8
00
00
00
00
00
00
00
00
24
00
00
00
00
00
68
b1
00
00
00
00
00
00
00
00
00
00
00
00
00
00
00
00
00
00
00
00
00
00
00
00
00
00
00
00
00
00
00
00
00
00
00
00
00
00
00
00
00
00
00
00
00
00
00
00
00
00
00
00
00
00
00
00
00
00
00
00
00
00
00
00
00
00
00
00
00
00
00
00
00
00
70
4c
04
00
00
00
00
00
00
00
00
00
00
00
00
4c
bd
b8
74
24
00
00
00
00
00
00
00
00
00
00
00
94
99
75
4c
51
2d
00
00
00
00
00
00
00
00
00
04
2d
56
5a
2d
2d
56
04
00
00
00
00
00
00
00
00
29
7f
5a
96
52
32
29
00
00
00
00
00
00
00
00
00
24
9a
5a
71
49
2d
2d
00
00
00
00
00
00
00
00
00
00
29
4d
91
04
00
04
00
00
00
00
00
00
00
00
00
00
00
04
2d
00
00
00
00
00
00
00
00
00
00
00
00
00
00
00
00
00
00
00
00
00
00
00
00
00
00
00
00
00
00
00
00
00
00
00
00
00
00
00
00
00
00
00
00
00
00
00
00
00
00
00
00
00
00
00
00
00
00
00
00
00
00
00
00
00
00
00
00
00
00
00
00
00
00
00
00
00
00
00
00
00
00
00
00
00
00
00
00
00
00
00
00
00
00
00
00
00
00
00
00
00
00
00
00
00
00
00
00
00
00
00
00
00
00
00
00
00
00
00
00
00
00
00
00
00
00
00
85
64
00
00
00
00
00
00
00
00
00
00
00
00
00
89
f6
ed
40
00
00
00
00
00
00
00
00
00
28
4c
28
c9
ed
cd
64
00
00
00
00
00
00
00
00
00
74
9d
54
68
4c
50
2c
28
2c
28
00
00
00
00
00
00
00
28
2c
2c
2c
2c
2c
50
74
50
00
00
00
00
00
00
00
56
56
56
2d
08
2c
28
24
00
00
00
00
00
00
00
00
7a
5a
7a
31
0d
31
0d
00
00
00
00
00
00
00
00
24
7a
56
92
5a
11
0d
31
00
00
00
00
00
00
00
00
29
2d
2d
4d
0d
0d
35
00
00
00
00
00
00
00
00
00
00
00
00
00
00
04
51
00
00
00
00
00
00
00
00
00
00
00
00
00
00
00
00
00
00
00
00
00
00
00
00
00
00
00
00
00
00
00
00
00
00
00
00
00
00
00
00
00
00
00
00
00
00
00
00
00
00
00
00
00
00
00
00
00
00
00
00
00
00
00
00
00
00
00
00
00
00
00
00
00
20
88
64
00
40
ad
88
00
00
00
00
00
00
00
00
20
f1
f1
cd
8c
ac
a8
f1
f1
ad
20
00
00
00
00
20
f1
f1
ed
c8
d0
b0
a8
cd
ed
ed
88
00
00
00
00
20
a8
88
f1
f5
cd
40
84
f5
f5
f1
20
00
00
00
00
00
00
a8
f1
f1
88
88
20
64
ed
c4
00
00
00
00
00
00
28
48
a4
a8
44
88
48
28
68
48
50
28
00
00
04
75
79
30
2c
28
55
55
55
2c
0c
2c
2c
2c
00
00
51
9d
75
50
4d
51
9e
9e
75
51
8d
08
00
00
00
00
00
28
2d
0d
32
76
51
51
56
5a
51
31
11
04
00
00
00
09
36
31
76
9b
5a
5a
5a
9a
36
0d
0d
0d
00
00
00
29
5a
7a
7a
7b
5a
5a
56
56
2d
0d
31
5a
04
00
00
00
52
9f
56
2d
6d
ad
cd
a8
48
08
32
7f
29
00
00
00
52
7a
5a
2d
6d
ad
91
2d
04
00
04
4d
28
00
00
00
00
08
09
00
04
04
04
00
00
00
00
00
00
00
00
00
00
00
00
00
00
00
00
00
00
00
00
00
00
00
00
00
00
00
00
00
00
00
00
00
00
00
00
00
00
00
00
00
00
00
00
00
00
00
00
00
00
00
00
00
00
00
00
00
00
00
00
00
00
00
00
00
00
00
00
00
00
00
00
00
00
00
00
00
00
00
00
00
00
00
00
00
00
00
00
00
00
00
00
00
76
72
00
00
00
00
00
00
00
00
00
00
00
00
00
51
bf
9a
4d
00
00
00
00
00
00
00
00
00
00
00
00
51
9a
71
2d
00
00
00
00
00
00
00
00
00
00
00
4d
52
6d
6d
76
29
00
00
00
00
00
00
00
00
00
00
00
6d
d5
d5
91
44
51
28
00
00
00
00
00
00
00
00
00
48
fa
f9
d1
71
7a
4d
00
00
00
00
00
00
00
00
00
76
d5
b1
9a
4d
04
00
00
00
00
00
00
00
00
00
00
29
24
00
2d
24
00
00
00
00
00
00
00
00
00
00
00
00
00
00
00
00
00
00
00
00
00
00
00
00
00
00
00
00
00
00
00
00
00
00
00
00
00
00
00
00
00
00
00
00
00
00
00
00
00
00
00
00
00
00
00
00
00
00
00
00
00
00
00
00
00
00
00
00
00
00
00
00
00
00
00
00
00
00
00
00
00
00
00
00
00
00
00
00
00
00
00
00
00
00
00
00
00
00
00
00
00
00
00
00
00
00
25
00
00
00
00
00
00
00
00
00
00
00
00
00
00
00
6e
00
49
ff
6d
00
00
00
00
00
00
00
00
00
00
25
b7
8f
ff
df
00
00
00
00
00
00
00
00
00
00
00
4a
93
6e
93
24
04
00
00
24
00
00
00
00
00
00
00
49
8f
6e
8e
8d
8e
00
92
ff
6d
00
00
00
00
00
00
25
6a
8e
d5
d0
88
69
db
df
6d
00
00
00
00
00
24
93
6f
92
b0
ac
8d
ae
ff
bb
b6
24
00
00
00
00
00
00
24
b6
d0
ac
89
b2
ff
db
ff
6d
00
00
00
00
00
00
20
b2
b2
89
69
b2
df
ff
db
00
00
00
00
00
00
00
4a
93
92
b1
8d
b7
db
92
00
00
00
00
00
00
00
00
29
6f
24
24
24
49
24
00
00
00
00
00
00
00
00
00
00
00
00
00
00
00
00
00
00
00
00
00
00
00
00
00
00
00
00
00
00
00
00
00
00
00
00
00
00
00
00
00
00
00
00
00
00
00
00
00
00
00
00
00
00
00
00
00
00
00
00
00
00
00
00
00
00
00
00
00
00
00
00
00
00
00
00
00
00
00
00
00
00
00
00
00
00
00
00
00
00
00
00
00
29
2a
2e
2a
6e
00
00
00
00
00
00
44
68
24
8d
92
4e
73
73
53
92
00
00
00
00
00
48
8d
48
b1
d6
29
53
72
4e
4e
04
00
00
00
00
24
92
db
6d
bb
97
29
92
96
52
4e
09
2a
24
00
00
49
49
92
b7
97
53
4e
8c
d5
b1
28
05
00
00
00
00
00
24
44
72
53
97
53
92
b1
ac
00
00
00
00
00
00
00
00
44
6d
4d
4e
73
72
b5
d5
20
00
00
00
00
00
00
00
6d
72
6d
91
92
b1
f5
8c
05
00
00
00
00
00
00
00
2e
73
53
4d
d5
d5
b0
04
0a
05
00
00
00
00
00
00
2a
53
2e
09
68
48
05
05
05
00
00
00
00
00
00
00
05
0a
0a
05
00
00
00
04
49
24
00
00
00
00
00
00
4d
72
4e
00
00
00
00
00
00
00
00
00
00
00
00
00
00
24
00
00
00
00
00
00
00
00
00
00
00
00
00
00
00
00
00
00
00
00
00
00
00
00
00
00
00
00
00
00
00
00
00
00
00
00
00
00
00
00
00
00
00
00
00
00
00
00
00
00
00
00
29
00
00
00
00
00
00
00
00
00
00
00
00
4e
4e
72
52
05
00
00
00
00
00
00
00
00
00
00
49
df
db
fe
b6
2a
00
00
00
00
00
00
00
00
00
00
49
ff
fe
d6
fa
4e
00
00
00
00
00
00
00
00
00
00
29
72
b6
fa
b6
29
29
00
00
00
00
00
00
00
00
29
2e
4d
da
fa
b6
4d
2a
29
00
00
00
00
00
00
00
29
4d
da
ff
ff
fa
72
2e
29
05
00
00
00
00
00
00
b6
ff
ff
ff
ff
da
2e
2e
29
29
00
00
00
00
00
00
ff
ff
ff
ff
ff
4d
09
29
29
29
00
00
00
00
49
49
da
ff
ff
ff
ff
d6
6d
92
29
29
00
00
00
00
d6
fa
b1
fa
fa
fa
fa
f6
b6
d6
6d
29
00
00
00
00
8c
f6
d6
92
fa
fa
fa
d6
fa
d6
d6
04
00
00
00
00
00
8d
b6
04
48
8d
6d
91
d6
ad
8d
00
00
00
00
00
00
00
00
00
00
00
00
00
69
49
00
00
00
00
00
00
00
00
00
00
00
00
00
00
00
00
00
00
00
00
00
00
00
00
00
00
00
00
00
00
00
00
00
00
00
00
00
00
00
00
00
00
00
00
00
00
00
00
00
00
00
00
00
00
00
00
00
24
92
00
6e
49
00
00
41
41
00
00
00
00
00
00
00
00
d7
fb
db
24
00
45
00
00
20
00
00
00
00
00
00
00
db
db
d7
6d
00
21
00
00
20
00
00
00
00
00
00
00
6d
8e
6e
45
20
21
00
00
45
00
00
00
00
00
00
00
49
b2
92
49
00
20
20
00
45
00
00
00
00
24
49
49
6d
db
6e
49
6d
49
45
00
00
00
00
00
92
d7
49
00
00
8e
49
00
92
92
49
00
00
00
00
00
00
24
00
29
af
86
db
92
41
6a
49
00
00
00
00
00
00
00
00
49
af
66
b7
92
46
46
00
00
00
00
00
00
00
00
00
00
49
45
20
69
25
00
00
00
00
00
00
00
00
00
00
00
92
04
00
00
25
00
00
00
00
00
00
00
00
00
24
b6
8e
00
00
00
92
24
00
00
00
00
00
00
00
00
00
24
00
00
00
24
92
49
00
00
00
00
00
00
00
00
00
00
00
00
00
00
00
00
00
00
00
00